

Nova execucao:
0.9881235154394299		000000000000000000000000000000000000000000000000000000000000000000010000000000000000000000000000000000000000000000000000000000000000000000
0.9881235154394299		000000000000000000000000000000000000000000000000000000000000000000010000000000000000000000000000000000000000000000000000000000000000000000
0.9881235154394299		000000000000000000000000000000000000000000000000000000000000000000010000000000000000000000000000000000000000000000000000000000000000000000
0.9881235154394299		000000000000000000000000000000000000000000000000000000000000000000010000000000000000000000000000000000000000000000000000000000000000000000
0.9881235154394299		000000000000000000000000000000000000000000000000000000000000000000010000000000000000000000000000000000000000000000000000000000000000000000
0.9881235154394299		000000000000000000000000000000000000000000000000000000000000000000010000000000000000000000000000000000000000000000000000000000000000000000
0.9881235154394299		000000000000000000000000000000000000000000000000000000000000000000010000000000000000000000000000000000000000000000000000000000000000000000
0.9881235154394299		000000000000000000000000000000000000000000000000000000000000000000010000000000000000000000000000000000000000000000000000000000000000000000
0.9881235154394299		000000000000000000000000000000000000000000000000000000000000000000010000000000000000000000000000000000000000000000000000000000000000000000
0.9881235154394299		000000000000000000000000000000000000000000000000000000000000000000010000000000000000000000000000000000000000000000000000000000000000000000


Nova execucao:
0.6484560570071259		010001111100100000001100100001101010111111
0.6484560570071259		101111001101100010111010101001110010000101
0.6484560570071259		111111011111111111111111111111111111111111
0.6484560570071259		111111111111111111111111111111111110111111
0.6460807600950119		010100000101000110001101110001111101101100
0.6460807600950119		111111111111111111111110111111111111111111
0.6437054631828979		111111111111111111111111111111111111111111
0.6437054631828979		111111111111111111111111111111111111111111
0.6437054631828979		111111111111111111111111111111111111111111
0.6437054631828979		111111111111111111111111111111111111111111


Nova execucao:
1.0		000000011101010111001111100011010011000111
1.0		011100100000000100000011011101001100001010
1.0		000110001011110101010100000100011001001010
1.0		010110010000001001010001101110010010011000
1.0		100110101000000100100111100101100100011000
1.0		000100100111111000000001111010000000010010
1.0		000000000000000000000001000000000000000000
1.0		000000000000000000000000000000000000010000
1.0		000000001000000000000000000000000000000000
1.0		000000000000000000100000000000000000000000


Nova execucao:
1.0		010100110000110001001001100010111110000110
1.0		011011001000110010010001101111100011100011
1.0		111101010001101101100001101100011100011011
1.0		000001110000000110111010111100111010110001
1.0		100111110000010001010101100010001111001101
1.0		111111111111111111111111111111111111111111
1.0		111111111111111111011111111111111111111111
1.0		011111011101010110111110101001000011010100
1.0		001110100100001111001000101011110100000010
1.0		111111111111111111111111111111111111111111
